accuracy: 0.6903552743909113
f1: 0.6803316314181962
