accuracy: 0.3161699470969014
f1: 0.2163500717425137
