accuracy: 0.7460827939035525
f1: 0.7455831652121436
