accuracy: 0.2565855047700413
f1: 0.20242166286078506
