accuracy: 0.7072460429760768
f1: 0.6986972613533871
