accuracy: 0.7885435258830336
f1: 0.7844090459870825
